16 13 14 12 13 14 03 34 34 34 03 14 12 13 14 12 17
23 19 19 19 19 19 02 34 34 34 02 19 19 19 19 19 20
22 19 37 19 37 19 03 34 21 34 03 19 37 19 37 19 27
23 19 19 19 19 19 09 35 19 36 02 19 19 19 19 19 20
22 19 37 19 37 19 08 19 39 19 03 19 37 19 37 19 27
23 19 19 19 19 19 02 19 42 19 09 19 19 19 19 19 20
22 19 37 19 37 19 03 19 41 19 08 19 37 19 37 19 27
23 19 19 19 19 19 19 19 40 19 19 19 19 19 19 19 20
22 19 19 19 19 19 19 47 39 48 19 19 19 19 19 19 27
23 19 19 39 42 41 40 39 42 39 40 41 42 39 19 19 20
22 19 19 19 19 19 19 19 41 19 19 10 19 10 19 19 27
23 19 10 19 19 19 10 19 40 19 19 19 38 19 19 19 20
22 19 19 19 10 19 19 19 39 19 43 43 43 43 43 43 27
23 19 19 19 19 19 19 47 42 19 43 19 46 19 46 19 20
22 19 19 39 42 41 40 39 41 39 41 19 19 19 19 45 27
23 19 19 10 19 19 19 19 40 19 43 19 19 19 19 44 20
22 19 19 19 19 19 10 19 39 19 43 05 19 19 19 19 27
16 13 14 12 13 14 12 13 14 12 13 14 12 13 14 12 17